cluster input ni111.clus
cluster surface on
emission angle phi 0 360 181
emission angle theta 0 80 41
emission angle window 3
emission energy E(eV) 842.5259 842.5259 1
emitters 4 1 25 2 25 3 25 4 25
muffin-tin
orders 1 5
V0 E(eV) 10.
imfp imfp_input
wf manual on
wf manual 2 5   4.270371e-18 0.000000e+00 -3.472689e-04 -2.862506e-03 -1.401336e-16 -2.951806e-15 7.003809e-16 3.023311e-15 -1.991125e-18 -1.473197e-18 8.374010e-03 3.711184e-02 -8.301533e-16 -4.125235e-15 -3.403133e-18 4.834506e-17 4.159861e-03 5.275805e-02 6.107634e-16 6.636260e-15 -7.528737e-16 5.002611e-17 9.505309e-18 4.758397e-17 -6.392059e-17 4.853202e-16 4.069703e-16 1.430697e-16 -1.015468e-18 -6.713326e-17 1.592422e-02 1.245271e-01 9.446928e-17 0.000000e+00 5.900433e-18 -2.785843e-15 -4.791847e-16 0.000000e+00 -2.442146e-17 -2.298067e-16 -2.265702e-16 -3.807205e-15 -1.518206e-02 -4.298777e-02 -1.063783e-17 -1.001023e-16 5.358376e-16 4.012935e-15 -2.042134e-04 2.289556e-04 -2.873216e-16 -1.003507e-16 -6.284823e-18 -2.053667e-15 2.727476e-15 2.575723e-14 -6.128831e-03 -9.144006e-06 1.324221e-15 7.126736e-15 -4.366533e-16 -3.822850e-15 -1.239594e-04 7.571017e-04 2.275555e-16 1.926952e-15 -1.020884e-15 1.578890e-14 -1.625347e-18 6.663689e-17 -4.373421e-03 -1.016824e-02 4.066695e-16 -6.887418e-15 -3.297686e-17 4.005048e-17 1.673425e-03 2.292166e-02 7.486265e-16 4.461012e-15 -3.313357e-15 -7.584837e-17 -6.671103e-16 -4.105216e-15 -7.209048e-16 -8.073235e-15 1.713437e-15 -1.372709e-15 4.811648e-16 4.998407e-15 -6.692683e-03 -3.293607e-02 4.474407e-16 -8.546129e-18 5.703990e-16 2.057104e-14 2.420651e-05 2.277840e-04 2.358518e-16 -6.640358e-16 -2.247016e-16 -2.934287e-14 -3.382834e-17 -3.183257e-16 -7.139791e-03 -9.085014e-06 1.081117e-15 3.668912e-15 -3.929826e-16 -3.697978e-15 1.050356e-04 9.883883e-04 6.334784e-16 1.304932e-15 2.312384e-16 2.175960e-15 0.000000e+00 0.000000e+00 -1.441961e-02 -1.259849e-02 0.000000e+00 0.000000e+00 -1.944230e-05 -1.829526e-04 0.000000e+00 0.000000e+00 0.000000e+00 0.000000e+00 0.000000e+00 0.000000e+00 3.845672e-04 2.385589e-03 0.000000e+00 0.000000e+00 1.355607e-17 1.275631e-16 1.185125e-04 1.505178e-03 0.000000e+00 0.000000e+00 0.000000e+00 0.000000e+00 -2.681381e-16 -1.663343e-15 0.000000e+00 0.000000e+00 6.600336e-18 6.210936e-17 -1.231811e-16 -1.564472e-15 1.260837e-04 1.186452e-03 0.000000e+00 0.000000e+00 -1.305541e-16 -8.098676e-16 0.000000e+00 0.000000e+00 6.889838e-18 6.483358e-17 -7.791085e-17 -9.895135e-16 -1.702397e-16 -1.601961e-15 0.000000e+00 0.000000e+00 -1.362805e-16 -8.453897e-16 0.000000e+00 0.000000e+00 -1.878556e-05 -1.767726e-04 -1.003936e-16 -1.275058e-15 -1.329169e-16 -1.250752e-15 0.000000e+00 0.000000e+00 3.715768e-04 2.305006e-03 0.000000e+00 0.000000e+00 -2.322199e-18 -2.185196e-17 3.305595e-04 4.198300e-03 -2.068316e-16 -1.946292e-15 0.000000e+00 0.000000e+00 4.593292e-17 2.849361e-16 0.000000e+00 0.000000e+00 1.497896e-17 1.409524e-16 4.903502e-17 6.227735e-16 8.172249e-04 7.690110e-03 0.000000e+00 0.000000e+00 -2.962826e-16 -1.837932e-15 0.000000e+00 0.000000e+00 2.741263e-18 2.579536e-17 -3.819591e-16 -4.851105e-15 1.463951e-16 1.377583e-15 0.000000e+00 0.000000e+00 -5.422196e-17 -3.363556e-16 0.000000e+00 0.000000e+00 -2.898957e-06 -2.727927e-05 -8.628817e-17 -1.095910e-15 -1.407675e-15 -1.324627e-14 0.000000e+00 0.000000e+00 5.734114e-05 3.557048e-04 0.000000e+00 0.000000e+00 0.000000e+00 0.000000e+00 1.185398e-04 1.505525e-03 -4.131034e-16 -3.887316e-15 0.000000e+00 0.000000e+00 0.000000e+00 0.000000e+00 0.000000e+00 0.000000e+00 0.000000e+00 0.000000e+00 0.000000e+00 0.000000e+00 8.459906e-04 7.960796e-03 0.000000e+00 0.000000e+00 0.000000e+00 0.000000e+00
report emitters
scan pd o_0_0_44.ms
report size
end
